Korona,19,22,12,24,17,17
ŁKS,36,23,23,18,17,17
Arka,21,13,30,19,17,17
Podbeskidzie,42,18,22,17,17,17
Miedź,32,21,17,15,17,17
Termalica,29,11,27,17,17,17
Chrobry,18,17,16,28,17,17
Puszcza,15,20,17,26,17,17
Tychy,25,12,24,15,17,17
Stomil,13,24,18,24,17,17
Sosnowiec,23,21,12,22,17,17
Sandecja,25,22,17,28,17,17
Odra,16,18,19,23,17,17
Jastrzębie,18,21,14,27,17,17
Katowice,15,28,9,23,17,17
Widzew,18,10,12,26,17,17
Łęczna,30,10,17,20,17,17
Resovia,16,15,11,30,17,17
Skra,15,28,9,23,17,17
Polkowice,15,28,9,23,17,17